Pre-trend check for AI exposure and wages
Observations: 193,546
Individuals: 26,993
Year span: 2001 to 2024

Year-specific AI exposure slopes:
       coef  std_err  p_value  ci_low  ci_high
2001 0.5623   0.0407   0.0000  0.4825   0.6421
2002 0.5905   0.0413   0.0000  0.5095   0.6714
2003 0.6102   0.0430   0.0000  0.5260   0.6945
2004 0.4890   0.0423   0.0000  0.4060   0.5720
2005 0.5617   0.0425   0.0000  0.4785   0.6450
2006 0.5618   0.0429   0.0000  0.4778   0.6458
2007 0.5136   0.0420   0.0000  0.4313   0.5958
2008 0.5473   0.0424   0.0000  0.4641   0.6304
2009 0.5749   0.0413   0.0000  0.4940   0.6559
2010 0.5480   0.0403   0.0000  0.4690   0.6270
2011 0.5656   0.0356   0.0000  0.4957   0.6354
2012 0.6029   0.0375   0.0000  0.5293   0.6764
2013 0.6533   0.0380   0.0000  0.5788   0.7278
2014 0.6032   0.0371   0.0000  0.5306   0.6759
2015 0.6549   0.0375   0.0000  0.5813   0.7285
2016 0.6692   0.0366   0.0000  0.5974   0.7409
2017 0.6556   0.0362   0.0000  0.5847   0.7265
2018 0.6862   0.0363   0.0000  0.6151   0.7573
2019 0.6019   0.0360   0.0000  0.5312   0.6725
2020 0.5850   0.0354   0.0000  0.5156   0.6545
2021 0.6070   0.0354   0.0000  0.5377   0.6763
2022 0.6292   0.0360   0.0000  0.5587   0.6997
2023 0.7171   0.0376   0.0000  0.6433   0.7908
2024 0.7720   0.0361   0.0000  0.7012   0.8429

Full model summary:
                            OLS Regression Results                            
==============================================================================
Dep. Variable:               log_wage   R-squared:                       0.114
Model:                            OLS   Adj. R-squared:                  0.114
Method:                 Least Squares   F-statistic:                       nan
Date:                Tue, 28 Apr 2026   Prob (F-statistic):                nan
Time:                        09:20:40   Log-Likelihood:            -2.4040e+05
No. Observations:              193546   AIC:                         4.809e+05
Df Residuals:                  193498   BIC:                         4.814e+05
Df Model:                          47                                         
Covariance Type:              cluster                                         
=============================================================================================
                                coef    std err          z      P>|z|      [0.025      0.975]
---------------------------------------------------------------------------------------------
C(year)[2001]                 6.2231      0.011    568.116      0.000       6.202       6.245
C(year)[2002]                 6.2376      0.011    558.922      0.000       6.216       6.259
C(year)[2003]                 6.2710      0.011    547.544      0.000       6.249       6.293
C(year)[2004]                 6.3202      0.011    550.595      0.000       6.298       6.343
C(year)[2005]                 6.3542      0.012    549.101      0.000       6.332       6.377
C(year)[2006]                 6.4013      0.011    566.893      0.000       6.379       6.423
C(year)[2007]                 6.4764      0.011    585.058      0.000       6.455       6.498
C(year)[2008]                 6.5299      0.011    572.156      0.000       6.508       6.552
C(year)[2009]                 6.5601      0.011    586.227      0.000       6.538       6.582
C(year)[2010]                 6.6048      0.011    598.080      0.000       6.583       6.626
C(year)[2011]                 6.6516      0.010    684.263      0.000       6.633       6.671
C(year)[2012]                 6.6832      0.010    680.268      0.000       6.664       6.702
C(year)[2013]                 6.6923      0.010    668.789      0.000       6.673       6.712
C(year)[2014]                 6.7091      0.010    688.597      0.000       6.690       6.728
C(year)[2015]                 6.7434      0.010    709.762      0.000       6.725       6.762
C(year)[2016]                 6.7747      0.009    720.998      0.000       6.756       6.793
C(year)[2017]                 6.8086      0.009    741.145      0.000       6.791       6.827
C(year)[2018]                 6.8407      0.009    749.161      0.000       6.823       6.859
C(year)[2019]                 6.8866      0.009    747.110      0.000       6.868       6.905
C(year)[2020]                 6.9364      0.009    767.554      0.000       6.919       6.954
C(year)[2021]                 6.9718      0.009    771.925      0.000       6.954       6.990
C(year)[2022]                 7.0036      0.009    769.506      0.000       6.986       7.021
C(year)[2023]                 7.0515      0.009    747.531      0.000       7.033       7.070
C(year)[2024]                 7.1088      0.009    786.383      0.000       7.091       7.126
ai_exposure:C(year)[2001]     0.5623      0.041     13.814      0.000       0.483       0.642
ai_exposure:C(year)[2002]     0.5905      0.041     14.294      0.000       0.509       0.671
ai_exposure:C(year)[2003]     0.6102      0.043     14.198      0.000       0.526       0.694
ai_exposure:C(year)[2004]     0.4890      0.042     11.548      0.000       0.406       0.572
ai_exposure:C(year)[2005]     0.5617      0.042     13.227      0.000       0.478       0.645
ai_exposure:C(year)[2006]     0.5618      0.043     13.109      0.000       0.478       0.646
ai_exposure:C(year)[2007]     0.5136      0.042     12.237      0.000       0.431       0.596
ai_exposure:C(year)[2008]     0.5473      0.042     12.903      0.000       0.464       0.630
ai_exposure:C(year)[2009]     0.5749      0.041     13.918      0.000       0.494       0.656
ai_exposure:C(year)[2010]     0.5480      0.040     13.602      0.000       0.469       0.627
ai_exposure:C(year)[2011]     0.5656      0.036     15.865      0.000       0.496       0.635
ai_exposure:C(year)[2012]     0.6029      0.038     16.061      0.000       0.529       0.676
ai_exposure:C(year)[2013]     0.6533      0.038     17.190      0.000       0.579       0.728
ai_exposure:C(year)[2014]     0.6032      0.037     16.271      0.000       0.531       0.676
ai_exposure:C(year)[2015]     0.6549      0.038     17.442      0.000       0.581       0.728
ai_exposure:C(year)[2016]     0.6692      0.037     18.277      0.000       0.597       0.741
ai_exposure:C(year)[2017]     0.6556      0.036     18.126      0.000       0.585       0.727
ai_exposure:C(year)[2018]     0.6862      0.036     18.917      0.000       0.615       0.757
ai_exposure:C(year)[2019]     0.6019      0.036     16.696      0.000       0.531       0.673
ai_exposure:C(year)[2020]     0.5850      0.035     16.507      0.000       0.516       0.654
ai_exposure:C(year)[2021]     0.6070      0.035     17.170      0.000       0.538       0.676
ai_exposure:C(year)[2022]     0.6292      0.036     17.484      0.000       0.559       0.700
ai_exposure:C(year)[2023]     0.7171      0.038     19.049      0.000       0.643       0.791
ai_exposure:C(year)[2024]     0.7720      0.036     21.368      0.000       0.701       0.843
==============================================================================
Omnibus:                    34181.882   Durbin-Watson:                   1.918
Prob(Omnibus):                  0.000   Jarque-Bera (JB):            72952.426
Skew:                          -1.045   Prob(JB):                         0.00
Kurtosis:                       5.164   Cond. No.                         4.88
==============================================================================

Notes:
[1] Standard Errors are robust to cluster correlation (cluster)